1.51945223038935,-1.73996453264954,0.0689557981756215,-4.22904906569169,-0.0700483863266134,-1.49220770494241,0.575787393741377,0.137603052023323,2.20706383908954,0.231243414817793,-0.793371642061588
10.2677879429004,0.581270996988547,2.86607686952832,-3.1415170786891,0.0793246726482844,0.342475194732423,0.0314901052020568,0.192316052272196,0.0468500953136904,-0.943808126296803,0.666902986430767
18.702189846174,-0.0438405859202613,1.62430733187607,-2.47749927259163,-0.589634609270377,2.42096088732667,-1.96344070040325,-1.14266696855422,-0.000226433374705277,-0.607291162733802,-1.13174008835811
12.1531551383223,2.03306785997011,-0.910787695712091,-2.60771949182029,1.44299693932674,1.54591039673062,-0.401893792081983,-2.2363583349884,-0.449679242281918,-0.133577255815873,0.633020833408025
11.4197516406518,3.25802151263991,-1.20489873979633,1.04746292108213,-1.80646534859277,1.59700695730123,-0.763069810175685,-1.66376955724052,-1.62220945929691,-2.17351940741116,-1.40653608273173
13.0856739922898,1.35857162365473,-2.38413511805746,-0.762916988817676,-0.482690713520048,0.676735047639306,-1.63176850291556,0.718094659117903,0.587366072552818,3.20324223622476,-0.606537962810511
-1.65805598002377,1.0977061634196,-2.97273168965525,0.571492534134155,0.502993701993374,3.48499504217893,-0.131703367612493,0.0749419420457622,3.19875099397404,0.613118287854768,-2.93890390776413
-8.05588825464691,-4.43676797220081,-1.26488607576224,-2.8440130667741,1.73582823859021,-1.68966005102815,-0.296304539116746,1.41251409074949,0.871868943509752,1.44111309123637,1.49604940503891
-10.7264578006394,-2.11040445981426,-5.73861146967142,-0.476237138226724,0.34821148125652,1.89584461054644,-1.77622707635687,2.23389824738253,-2.3540159778882,-2.20404796632501,-1.58903750015425
-2.10280867459192,-4.47337434134983,-3.02983539344908,5.41796700175521,3.09691493457224,0.661530022527836,-1.01796374120051,1.33480218542087,-0.70387192735878,-0.903039920909555,0.779426038786989
-8.12454108179545,2.68978840817815,-2.3489275166918,-4.89677114398643,0.943585895959747,1.97801491943471,-3.49156218218764,2.04218628689249,1.0619196300803,-0.194579016145442,1.84306267228466
NaN,NaN,NaN,NaN,NaN,NaN,NaN,NaN,NaN,NaN,NaN
0.450392738117639,1.30133435393476,-0.661996498701929,1.29815172345496,1.36288970524903,-2.25841765197089,1.87308741834175,1.64314957333871,-1.200853719228,0.378800931270877,0.257544789856307
NaN,NaN,NaN,NaN,NaN,NaN,NaN,NaN,NaN,NaN,NaN
-6.65439054041072,-0.28873978123434,2.70287788313975,-0.269632899518393,1.65590833086981,-1.17175044898068,2.27386243411758,-2.71399622803553,-0.901300072554089,-2.72284739227676,-1.10913597634103
-5.26142345768279,4.52497778883119,0.131252341472703,0.094786782026548,-2.52912801123196,0.906870939124204,1.30986705160832,1.67888664765498,-2.73140745612026,-1.22494370474256,0.487609917780758
-6.81443136063844,1.6780744948785,1.13752275829643,4.44896284405749,-2.3554053458113,-0.249072010549378,-0.0847726231881686,-1.59050175567603,-0.793190689237062,1.40157442949656,4.10668226175321
-9.36321522625145,0.0523680095443392,1.51293829145408,-0.135081428262294,0.796939318168311,-0.0472854621117466,0.167119262269775,-1.60199282940911,-1.20873664375294,2.03653175522523,0.353536481874216
0.225397567976945,1.97852603190441,-0.99849160497152,2.01149837796122,-1.09781560584758,-0.414997624319945,0.764334701432081,-0.946502299648253,1.28560303674356,0.584374486760299,-0.579524150829965
0.33214557894525,0.226043670426364,1.28098944552174,-0.785862650698622,1.18785312235291,-0.13588079215347,-0.691924792884537,0.330482547262068,-1.25176086922863,-0.744183794294113,-0.157102122495525
NaN,NaN,NaN,NaN,NaN,NaN,NaN,NaN,NaN,NaN,NaN
7.88573201371451,-4.64545980086444,5.23921148982045,-1.84690560037353,-1.99522362196629,3.3111255956626,-0.398759506600181,0.814943948811268,-0.25962241849101,-1.47469337595695,0.295649265606864
7.51296239810709,-5.18828267880304,-0.0881502293579591,7.09658027333055,3.56372848719943,-0.025675694443918,-2.20821587204628,-2.229629945191,1.34501207677072,1.10950396145295,0.000601568295135298
2.87610492832947,-3.42400284830003,0.248620330751797,3.74988182578221,-1.58997910834047,0.318421043943706,-0.320903212536641,-0.398535540649724,0.263483691524791,0.628812500702703,1.55727137061688
-1.79873930296215,-2.30568570881294,2.88172832081479,-1.97722494788132,-1.88637610027118,-0.437612407582765,-0.259539788220931,1.45757665674874,2.78550411337843,-2.46145538563605,0.829561421022823
-1.76778450122273,-1.81619718118382,1.9359180763842,-3.73721036497324,-0.179556058407342,1.48851709594761,0.349156534683271,-0.930073824539364,2.31251548100947,0.409965753360596,1.9730835162015
-2.06700321450501,-3.76516371556696,2.27329544456546,-3.20924172259296,0.334959982059596,0.0414103060714548,2.35816405064065,-0.140969774031088,-0.0386574444114954,0.987239253975916,-0.637354670452455
NaN,NaN,NaN,NaN,NaN,NaN,NaN,NaN,NaN,NaN,NaN
-2.11747686263745,4.20957946631875,1.81457893151667,1.44629425603457,3.13773437782699,-0.436037086855376,1.48899782978074,-1.45753217662509,1.53994079871784,-0.764729531738863,2.32629450341544
-7.93351528362636,5.60343815512781,-0.764798468215063,-3.99722817799441,1.02329383131955,1.83957309688017,-1.78257978314406,-1.07476551518001,-0.776503795213819,1.62236047954696,1.19055831240116
-4.29732516735802,2.49196596272993,2.73810513661302,-0.117605061791028,3.88819709388694,-0.0924260157370439,-0.540879815818111,-0.686515875786328,-1.07261173647774,1.73655068522691,-0.548422320524624
-2.76519083551409,3.60284029186533,3.26488922582964,1.98790322864932,2.18522038904887,-1.90710000603322,-0.854365920546861,4.27665503799188,1.37276286629832,-0.853899957973779,-0.635401954566109
5.04469356477675,3.04596058707518,4.3347617620912,2.25366268603996,1.12509440973531,-0.664320839818171,-0.505632426078173,2.19791074419159,0.481943452926394,0.34919944804916,-0.445588149123263
7.98928396656122,3.51100258256134,4.46282545071323,2.20476430286994,1.48312815598209,1.68785464902629,2.41536214811342,2.72832084690604,1.90714456140168,-0.10665253771397,1.06517437545128
-1.99763466639543,0.368064553172426,2.24092004108353,3.65447098750859,2.57866897934187,2.88821254525972,1.92549812281046,-0.296377984907047,0.218582399655629,1.01544740335212,-0.967910794567959
-3.04647348142406,3.9054658564117,0.0933140125630217,2.30588543935232,-3.05886386003338,0.35491738316956,-1.37326503773179,-0.911876933046925,-0.0213290732494234,-0.824261304511324,-0.420001347977865
NaN,NaN,NaN,NaN,NaN,NaN,NaN,NaN,NaN,NaN,NaN
-0.322501603678478,2.71271356014028,-0.580532571399612,0.66178824384125,-1.42768010053286,-2.12378688281912,2.02495485003937,-1.16231030314724,2.4111854578652,1.20026163095086,-0.518989830946504
-11.2893782905572,1.16588238456339,1.5150120408231,-3.73143991781554,-2.11645449587082,-0.853969884554543,0.204462154715791,-1.61808350189921,2.07179990266528,0.740677904408173,-1.67397619206686
-4.07532375596975,0.664903017303994,3.63881315193835,4.31104728160724,-3.73361112911159,-1.35443077878557,-0.663212056103643,1.42040204411746,-0.492121338474059,1.40646664383551,-2.16200382015497
-6.27262090629995,-1.30614014422738,7.44284932685449,-1.53418848549043,-0.682299937724413,0.0950876348104589,-0.207202198625006,-0.654178466643636,-1.84422655973032,0.599220352350906,-1.38094905975685
-13.7082772133445,-4.12918136587722,5.50868101310307,1.12561440222188,-1.20174848614997,0.631625351465667,-1.39665280148711,1.33925045111341,-1.12858387841356,1.06394638569586,-0.956139390055913
9.62754991414226,0.640961480681106,-5.33548556058925,-0.0770828198709074,-0.450296886436921,-1.16410586113822,-1.47956290322602,2.91460621783662,-1.3656554601711,4.39648840166835,-1.33792462461484
-1.00902452420172,1.05063907129492,-0.58378026771071,0.708560146019169,0.43255235096353,2.46505830771595,3.02234712279568,1.67866285054396,-0.371677060940268,-0.180000268012904,0.653410412321524
-1.72722345973903,-0.745538702541545,-1.67079143119109,1.0182608240894,-2.54807111799424,0.423769850906764,1.67685926003956,1.28313531661753,-0.131608959756608,1.4866833848328,1.26941104838656
2.03951943601738,-0.58430005954779,-4.51825393882531,-3.80018206679425,0.819533885201712,-1.12180141028644,3.47119428025133,0.496979571105497,-1.24400232383931,-0.212348005220225,-2.02040899380455
13.8002277715002,-0.134514619965058,-2.15700497995893,-2.28732959244083,1.9886449703699,-0.830919877111604,0.621037051842089,1.19230266296649,-0.799756869553865,-0.5552849069796,0.803623814639399
5.40828122430737,-1.0499686746739,0.640176751451758,-3.34443416997302,-0.159843291622346,-0.172093162483722,0.145374099870839,0.089488226898234,-1.83099801272889,1.97239563235346,0.0533158562952019
12.8057482677224,2.84004870839134,-5.06976294764614,-2.74102593794047,-0.153079207977763,-2.6430743614191,0.297059268122859,-1.01625518196848,0.281356236875796,-1.60135369349104,1.83181269013296
-9.81546157709658,-0.77631499460111,-6.18286604890234,1.69072486268882,0.0126914047405404,0.427524506594814,0.142447156004961,-0.00201819488686719,1.43256239528844,0.0609257136966604,-0.919806758292472
NaN,NaN,NaN,NaN,NaN,NaN,NaN,NaN,NaN,NaN,NaN
NaN,NaN,NaN,NaN,NaN,NaN,NaN,NaN,NaN,NaN,NaN
NaN,NaN,NaN,NaN,NaN,NaN,NaN,NaN,NaN,NaN,NaN
-9.78620174819428,-1.68758419177309,-4.00328771025216,2.34014750340345,0.953078511424154,0.673294263156389,1.10441255292646,-0.113559715934985,0.782779764267889,-0.845817771242219,-0.37079140864256
-14.162411112078,-4.42316420235008,-3.13818739378697,1.41103072969614,2.07812173754723,-1.01273337022054,-0.32805788951017,1.15480815547561,-0.431444670548701,-1.52155315694654,0.460034623172326
-5.79563515349566,0.711665526440487,-6.69998396170197,2.92855908294237,-0.140390862335069,-1.2437681456471,-1.38934644850428,-1.17973165059451,-0.101478145313545,-2.98168436483988,1.15389527463732
